35.509853 129.415175 281.223222 17.606611
35.509853 129.415175 289.322972 5.803556
35.509853 129.415175 298.075583 -5.403528
35.509853 129.415175 308.091778 -15.664389
35.509853 129.415175 319.980417 -24.477222
35.509853 129.415175 334.189861 -31.149194
35.509853 129.415175 350.568111 -34.873
35.509853 129.415175 7.927972 -35.034611
35.509853 129.415175 24.454944 -31.603944
35.509853 129.415175 38.873194 -25.157528
35.509853 129.415175 50.951722 -16.501528
35.509853 129.415175 61.107833 -6.344639
35.509853 129.415175 69.946472 4.795444
35.509853 129.415175 78.07875 16.557667
35.509853 129.415175 86.146694 28.674806
35.509853 129.415175 95.002083 40.905944
35.509853 129.415175 106.186056 52.933389
35.509853 129.415175 123.361083 64.076639
35.509853 129.415175 155.558111 72.213444
35.509853 129.415175 203.483306 72.322444
35.509853 129.415175 236.140222 64.300167
35.509853 129.415175 253.522028 53.190972
35.509853 129.415175 264.785611 41.173278
35.509853 129.415175 273.671472 28.942611
35.509853 129.415175 281.746222 16.820361
35.509853 129.415175 -8.2 -34.1
35.509853 129.415175 8.8 -34
35.509853 129.415175 25 -30.5
35.509853 129.415175 39.1 -24
35.509853 129.415175 50.9 -15.4
35.509853 129.415175 60.9 -5.3
35.509853 129.415175 69.9 6
35.509853 129.415175 77.7 17.6
35.509853 129.415175 85.7 29.7
35.509853 129.415175 94.4 41.8
35.509853 129.415175 105.5 53.8
35.509853 129.415175 122.8 65
35.509853 129.415175 156 73.1
35.509853 129.415175 205.7 72.9
35.509853 129.415175 238.1 64.6
35.509853 129.415175 254.9 53.4
35.509853 129.415175 265.9 41.3
35.509853 129.415175 274.6 29.1
35.509853 129.415175 282.5 17.1
35.509853 129.415175 290.6 5.5
35.509853 129.415175 299.3 -5.8
35.509853 129.415175 309.4 -15.9
35.509853 129.415175 321.3 -24.4
35.509853 129.415175 335.5 -30.9
35.509853 129.415175 351.8 -34.3